1 4 18
2 8 13
3 10 8
4 11 20
5 14 3
6 15 8
7 18 4
8 23 6
9 26 11
10 31 5
11 34 20
12 35 19
13 38 17
14 40 6
15 43 12
16 46 11
17 47 20
18 49 9
19 53 17
20 56 17
21 58 7
22 59 17
23 63 11
24 64 7
25 65 2
26 69 8
27 70 14
28 72 13
29 75 11
30 78 4
31 83 5
32 88 9
33 92 10
34 93 7
35 98 14
36 101 1
37 104 1
38 106 2
39 109 4
40 113 5
41 116 16
42 121 1
43 125 20
44 128 9
45 131 6
46 133 10
47 138 4
48 143 4
49 144 10
50 147 1
51 152 14
52 154 16
53 159 7
54 161 11
55 162 7
56 163 11
57 164 13
58 165 20
59 169 13
60 172 15
61 176 13
62 181 2
63 185 4
64 188 12
65 190 1
66 193 1
67 195 15
68 198 16
69 200 6
70 202 14
71 207 16
72 209 6
73 210 16
74 212 7
75 216 19
76 218 12
77 221 9
78 225 11
79 229 3
80 232 11
81 237 19
82 241 6
83 244 19
84 247 7
85 250 1
86 251 17
87 256 2
88 261 17
89 265 6
90 269 16
91 272 16
92 274 11
93 278 11
94 280 18
95 282 3
96 283 15
97 287 7
98 288 1
99 290 15
100 292 13
101 296 10
102 300 7
103 303 6
104 308 20
105 311 3
106 316 18
107 318 9
108 321 17
109 325 5
110 328 13
111 332 13
112 336 20
113 337 3
114 342 13
115 345 11
116 346 16
117 349 11
118 354 12
119 356 9
120 358 7
121 359 15
122 360 18
123 361 6
124 364 8
125 368 3
126 371 11
127 373 5
128 374 16
129 379 9
130 384 18
131 388 14
132 392 10
133 393 10
134 395 9
135 398 8
136 403 3
137 407 18
138 412 15
139 416 14
140 419 15
141 423 19
142 426 4
143 428 7
144 431 1
145 433 10
146 434 5
147 439 18
148 444 14
149 446 5
150 450 17
151 452 10
152 456 15
153 457 19
154 458 13
155 461 11
156 464 3
157 466 15
158 467 17
159 472 15
160 475 6
161 476 14
162 479 12
163 481 5
164 485 5
165 488 16
166 492 1
167 497 14
168 501 19
169 504 20
170 509 8
171 512 3
172 517 18
173 518 1
174 521 17
175 526 4
176 527 16
177 531 5
178 534 1
179 535 20
180 536 2
181 541 9
182 542 15
183 546 19
184 551 12
185 555 15
186 558 17
187 559 11
188 564 7
189 565 11
190 568 16
